function g = Trans3D(T)
g = [1 0 0 T(1); 0 1 0 T(2); 0 0 1 T(3); 0 0 0 1];
